#FIG 3.2
Landscape
Center
Metric
Letter  
100.00
Single
-2
1200 2
2 3 0 2 0 7 50 0 -1 0.000 0 0 -1 0 0 5
	 8550 5400 10350 3600 10350 5400 8550 7200 8550 5400
2 1 0 2 0 7 50 0 -1 0.000 0 0 -1 1 0 2
	1 1 2.00 120.00 240.00
	 3150 1800 4050 900
2 1 0 2 0 7 50 0 -1 0.000 0 0 -1 1 0 2
	1 1 2.00 120.00 240.00
	 3150 1800 4500 1800
2 1 0 2 0 7 50 0 -1 0.000 0 0 -1 1 0 2
	1 1 2.00 120.00 240.00
	 3150 1800 3150 3150
2 3 0 2 0 7 50 0 -1 0.000 0 0 -1 0 0 6
	 3150 5400 3150 7200 8550 7200 8550 5400 3150 5400 3150 5400
2 1 0 2 0 7 50 0 -1 0.000 0 0 -1 1 0 2
	1 1 2.00 120.00 240.00
	 9975 6585 9375 7200
2 1 0 2 0 7 50 0 -1 0.000 0 0 -1 1 0 2
	1 1 2.00 120.00 240.00
	 10500 6075 11130 5445
2 1 0 2 0 7 50 0 -1 0.000 0 0 -1 1 0 2
	1 1 2.00 120.00 240.00
	 11130 4710 11145 5415
2 1 0 2 0 7 50 0 -1 0.000 0 0 -1 1 0 2
	1 1 2.00 120.00 240.00
	 11134 4230 11149 3600
2 1 0 2 0 7 50 0 -1 0.000 0 0 -1 1 0 2
	1 1 2.00 120.00 240.00
	 6600 7650 8565 7650
2 1 0 2 0 7 50 0 -1 0.000 0 0 -1 1 0 2
	1 1 2.00 120.00 240.00
	 5160 7650 3180 7650
2 3 0 2 0 7 50 0 42 0.000 0 0 -1 0 0 5
	 3135 5385 8535 5385 10335 3585 4935 3585 3135 5385
2 3 0 2 0 7 50 0 -1 0.000 0 0 -1 0 0 6
	 3135 5370 3135 7170 8535 7170 8535 5370 3135 5370 3135 5370
4 1 0 50 0 0 30 0.0000 4 300 1200 5820 7800 3.2 km\001
4 1 0 50 0 0 30 0.0000 4 300 1200 10215 6495 3.2 km\001
4 1 0 50 0 0 30 0.0000 4 300 1305 11205 4635 1000 m\001
4 1 0 50 0 0 30 0.0000 4 210 180 3435 3135 z\001
4 1 0 50 0 0 30 0.0000 4 210 240 4725 1920 x\001
4 1 0 50 0 0 30 0.0000 4 315 195 4290 810 y\001
